X = [...    -1.1186   -2.2443 ;   -0.6367   -0.8417 ;   -2.9031         0 ;   -1.1186    0.2967 ;   -1.1186         0 ;   -1.6126   -0.3094 ;    2.2922   -2.7585 ;     0.8757   -1.2175 ;    -2.2586   -0.5556 ;    0.3119    1.5818 ;     2.6557    2.7486 ;    -0.6367    1.1519 ;   -2.7707   -0.3094 ;   -0.3145    1.5818 ;    0.3119   -2.2443 ;     1.2983   -3.0138 ;     0.8757    1.1519 ;          0    2.7486 ;       0.8757    1.5818 ;     2.6557   -2.7585 ;    -1.7247    1.5818 ;   -1.7247   -0.8417 ;         0    2.5090 ;       0.3119    1.1519 ;     2.6557    1.9279 ;     1.5159   -0.8417 ;    -0.3145   -2.2443 ;   -2.7707   -2.7585 ;   -2.9031   -0.5556 ;    1.2983    0.2967 ;     2.6557    0.2967 ;     2.2922    0.6294 ;    -1.6126   -0.5556 ;   -2.9031   -0.8417 ;   -0.6367    2.7486 ;    2.5464    1.1519 ;    -1.7247    2.8169 ;    2.5464    1.7479 ;    -2.2586   -0.8417 ;   -1.7247    1.9279 ;    1.5159   -0.3094 ;     1.5159   -1.6039 ;     2.5464   -2.7585 ;     0.8757   -1.6039 ;     2.2922    1.5818 ;     2.6557   -1.2175 ;     2.2922    2.7486 ;    -2.2586    2.5090 ;    0.6334    1.5818 ;     0.3119   -1.6039 ;     1.2983    2.7486 ;     1.5159    2.8169 ;    -1.7247   -1.7989 ;   -2.7707   -2.2443 ;   -2.0126    0.6294 ;    0.3119   -2.7585 ;          0   -2.2443 ;           0   -1.2175 ;     -0.9401   -2.7585 ;    2.6557    2.5090 ;     0.6334         0 ;     2.2922    1.7479 ;     2.5464   -0.8417 ;     2.2922   -1.2175 ;          0    1.7479 ;      -0.3145   -1.7989 ;   -2.2586    1.5818 ;   -1.1186    1.1519 ;   -2.9031   -2.2443 ;   -0.6367   -0.5556 ;    0.6334   -3.0138 ;     1.5159   -1.2175 ;     1.2983    1.5818 ;    -1.7247    0.9298 ;   -2.9031    1.7479 ;    0.8757    2.8169 ;     3.0618   -2.2443 ;     2.5464    2.7486 ;    -2.0126         0 ;   -1.1186   -1.7989 ;   -0.9401    0.2967 ;    2.6557    1.1519 ;     0.3119    0.2967 ;     1.9283   -0.8417 ;    -1.1186   -1.6039 ;   -1.7247         0 ;   -2.0126   -0.8417 ;    3.0618         0 ;     1.5159    2.7486 ;     1.2983   -2.1076 ;    -2.0126    1.5818 ;   -0.9401   -2.1076 ;   -2.9031   -2.1076 ;    2.5464    2.8169 ;    -2.0126   -0.5556 ;   -0.3145   -2.7585 ;   -1.7247    2.7486 ;    0.3119   -1.7989 ;    -0.6367    0.2967 ;   -1.7247    1.7479 ;   -2.2586    1.1519 ;   -2.0126    0.2967 ;    1.5159   -2.2443 ;    -1.6126    0.6294 ;   -2.9031   -3.0138 ;   -1.6126    2.8169 ;   -0.6367   -3.0138 ;   -2.0126    1.9279 ;   -2.2586    0.9298 ;   -2.0126   -2.1076 ;         0    0.2967 ;       1.9283   -0.5556 ;    -2.7707         0 ;    1.5159   -3.0138 ;     2.2922    2.5090 ;     2.5464   -1.6039 ;     3.0618   -3.0138 ;    -1.7247   -0.5556 ;    0.3119   -0.8417 ;    -2.7707   -2.1076 ;         0   -3.0138 ;           0    2.8169 ;      -1.6126    0.2967 ;    1.9283    1.9279 ;    -2.7707   -0.8417 ;         0   -1.6039 ;      0.6334    2.5090 ;     1.9283   -0.3094 ;     1.2983   -0.5556 ;    -2.2586   -0.3094 ;    1.2983    0.9298 ;     3.0618    2.7486 ;    -2.7707   -1.7989 ;   -2.2586   -1.6039 ;   -1.6126         0 ;    1.5159    1.9279 ;     3.0618   -0.3094 ;    -2.0126   -1.6039 ;    0.8757    0.9298 ;    -1.7247   -1.2175 ;   -1.7247   -3.0138 ;    3.0618    1.7479 ;     1.5159   -2.7585 ;     0.6334    0.2967 ;    -1.1186    1.7479 ;    2.5464   -0.5556 ;    -1.1186   -1.2175 ;    0.3119   -2.1076 ;    -2.0126    2.5090 ;    3.0618    2.8169 ;     0.3119    1.9279 ;    -1.6126    1.9279 ;    1.9283   -2.1076 ;     1.2983   -2.7585 ;    -0.6367    1.5818 ;    0.3119    2.8169 ;     1.5159    0.6294 ;    -0.9401   -0.3094 ;         0    1.1519 ;       0.3119    1.7479 ;     1.9283    2.5090 ;     3.0618   -0.8417 ;     1.9283    1.1519 ;    -0.9401   -1.2175 ;   -0.9401         0 ;    3.0618   -2.1076 ;          0   -0.3094 ;     2.2922   -0.5556 ;     0.8757   -1.7989 ;     0.3119    2.7486 ;    -2.7707   -1.2175 ;   -0.3145    0.2967 ;    1.5159         0 ;    -2.7707    1.1519 ;    0.8757    0.6294 ;     2.6557   -0.5556 ;          0   -2.1076 ;     1.9283    2.7486 ;    -2.2586    1.9279 ;   -2.9031   -1.6039 ;   -2.2586   -2.7585 ;    1.9283   -1.6039 ;     1.9283    0.9298 ;    -0.6367    0.9298 ;   -0.9401    1.7479 ;   -0.9401   -1.7989 ;   -2.9031   -1.7989 ;   -1.1186   -2.1076 ;   -2.9031    2.7486 ;   -2.0126    1.1519 ;   -0.3145   -0.8417 ;    2.2922    0.2967 ;     2.5464    1.9279 ;    -1.1186    0.6294 ;    2.2922   -0.3094 ;    -0.6367   -2.7585 ;   -1.6126   -0.8417 ;   -0.6367    2.8169 ;    2.2922    0.9298 ;    -0.3145    2.7486 ;   -0.6367   -2.2443 ;   -2.0126   -2.2443 ;    1.5159    0.2967 ;     3.0618   -1.2175 ;    -0.6367   -1.2175 ;         0    0.9298 ;       2.2922         0 ;     2.2922    1.9279 ;    -1.7247   -0.3094 ;    0.8757    2.7486 ;     1.9283   -2.7585 ;    -1.1186    2.8169 ;    1.2983    2.8169 ;    -2.9031   -0.3094 ;    0.3119    0.9298 ;     1.2983    2.5090 ;    -1.6126    1.7479 ;   -0.6367    0.6294 ;         0   -1.7989 ;    3.0618   -1.7989 ;    -0.3145   -2.1076 ;    1.5159   -1.7989 ;     2.2922   -1.7989 ;     1.5159    1.1519 ;     1.5159    0.9298 ;    -1.1186   -0.5556 ;         0    1.5818 ;       3.0618   -0.5556 ;    -2.2586   -1.7989 ;   -1.6126   -1.6039 ;    0.8757    2.5090 ;     2.5464    0.6294 ;    -0.6367   -1.7989 ;    1.5159    2.5090 ;     2.5464    1.5818 ;     2.2922   -2.2443 ;     2.5464   -2.1076 ;     0.6334    1.9279 ;    -2.2586   -2.2443 ;    1.9283    1.5818 ;    -2.9031    1.9279 ;   -1.7247    1.1519 ;    2.6557   -0.3094 ;    -0.9401    0.9298 ;    0.3119   -1.2175 ;    -0.6367    1.9279 ;   -2.7707    0.6294 ;    2.2922   -2.1076 ;    -2.9031    0.6294 ;   -1.7247    2.5090 ;    3.0618    0.6294 ;    -2.9031   -1.2175 ;   -2.9031    0.2967 ;   -1.6126   -2.7585 ;   -0.9401   -0.8417 ;   -0.3145   -1.6039 ;    2.2922   -0.8417 ;     2.5464   -3.0138 ;     0.6334   -0.8417 ;     2.2922   -3.0138 ;    -0.3145   -0.5556 ;    0.6334    1.7479 ;    -1.7247    0.2967 ;   -2.9031    1.5818 ;    3.0618    2.5090 ;    -2.2586    1.7479 ;   -1.6126    0.9298 ;   -0.3145    1.9279 ;    1.2983   -0.8417 ;     0.6334    1.1519 ;    -2.7707   -1.6039 ;    1.2983   -0.3094 ;     2.2922   -1.6039 ;     0.3119    2.5090 ;     2.5464         0 ;    -1.1186   -0.8417 ;    2.6557   -0.8417 ;    -0.9401    1.5818 ;   -1.1186   -2.7585 ;    2.6557   -1.7989 ;     0.3119   -3.0138 ;     1.9283   -1.2175 ;    -0.9401   -1.6039 ;    0.6334   -2.1076 ;    -1.1186   -3.0138 ;   -1.1186    1.5818 ;   -0.3145         0 ;    3.0618    1.5818 ;     3.0618    1.1519 ;     3.0618   -2.7585 ;    -2.7707   -0.5556 ;   -0.3145   -0.3094 ;    2.5464    2.5090 ;     0.6334    0.6294 ;     0.8757   -2.2443 ;    -2.7707    0.2967 ;   -1.1186    0.9298 ;   -1.1186    2.5090 ;    2.5464   -1.7989 ;     3.0618    0.2967 ;    -0.3145    1.1519 ;         0    0.6294 ;      -2.7707    0.9298 ;   -1.6126   -2.2443 ;   -2.0126    2.7486 ;   -2.0126   -2.7585 ;   -2.2586   -1.2175 ;    0.6334   -1.6039 ;     1.9283   -2.2443 ;    -0.9401    1.9279 ;   -0.9401    0.6294 ;    0.3119         0 ;     1.2983    1.9279 ;    -0.3145    0.9298 ;   -0.9401   -2.2443 ;    1.5159    1.7479 ;     2.6557    0.9298 ;     3.0618    0.9298 ;    -2.0126    2.8169 ;    2.6557    1.7479 ;    -2.7707   -3.0138 ;    1.9283   -1.7989 ;     2.5464    0.9298 ;    -1.6126    1.1519 ;   -0.6367   -0.3094 ;   -1.6126   -2.1076 ;    3.0618   -1.6039 ;     0.8757   -2.7585 ;     0.6334    2.7486 ;     3.0618    1.9279 ;     2.6557    0.6294 ;     1.9283    2.8169 ;    -1.7247   -2.7585 ;    2.5464   -2.2443 ;    -2.0126   -0.3094 ;   -0.9401    2.5090 ;   -2.2586    2.7486 ;   -0.3145    2.8169 ;    2.6557   